1756812926.2363498 10.388872146606445 -50.411582946777344 0.0 0.0 0.0 -0.4083540943069705 0.9128236118412137
1756812927.2690833 10.023502349853516 -50.01752471923828 0.0 0.0 0.0 -0.3840346828825767 0.9233186700209748
1756812928.279341 9.649928092956543 -49.65141677856445 0.0 0.0 0.0 -0.3742612183064851 0.9273233245939784
1756812929.2883847 9.237966537475586 -49.259124755859375 0.0 0.0 0.0 -0.3720466760677365 0.9282140194623011
1756812930.3177276 8.757247924804688 -48.827274322509766 0.0 0.0 0.0 -0.3606829042528819 0.9326885096255603
1756812931.3254402 8.28074836730957 -48.387332916259766 0.0 0.0 0.0 -0.36675072362414807 0.9303192428534154
1756812932.3529253 7.783773899078369 -47.94275665283203 0.0 0.0 0.0 -0.35596826023787403 0.9344980496936773
1756812933.3805206 7.286830902099609 -47.51459884643555 0.0 0.0 0.0 -0.33882184075749916 0.9408505647723999
1756812934.4081974 6.793447971343994 -47.115352630615234 0.0 0.0 0.0 -0.3342528859492482 0.9424834202641249
1756812935.4359188 6.27332067489624 -46.6995735168457 0.0 0.0 0.0 -0.333337504386585 0.9428075594167257
1756812936.463655 5.751559257507324 -46.284175872802734 0.0 0.0 0.0 -0.33291140819332704 0.94295810671333
1756812937.491386 5.228654384613037 -45.87013626098633 0.0 0.0 0.0 -0.3325436160674752 0.9430878842876511
1756812938.520813 4.705254554748535 -45.455326080322266 0.0 0.0 0.0 -0.3341385544880931 0.9425239733978588
1756812939.5212917 4.196657180786133 -45.0505485534668 0.0 0.0 0.0 -0.3340482275828456 0.942555971987977
1756812940.5522103 3.6748828887939453 -44.63376998901367 0.0 0.0 0.0 -0.3327881494546596 0.943001625986002
1756812941.5537593 3.1651980876922607 -44.22836685180664 0.0 0.0 0.0 -0.3325775759909121 0.9430759075121091
1756812942.583949 2.6422624588012695 -43.81199264526367 0.0 0.0 0.0 -0.33290905816929 0.9429589442491515
1756812943.6165802 2.1273436546325684 -43.401817321777344 0.0 0.0 0.0 -0.33120036943150943 0.9435604505100393
1756812944.6549833 1.6085712909698486 -42.991539001464844 0.0 0.0 0.0 -0.329496512686041 0.9441567914760021
1756812945.758412 1.0450854301452637 -42.5498046875 0.0 0.0 0.0 -0.32795315911463996 0.9446939856697473
1756812946.7948792 -0.5057926774024963 -0.06866942346096039 9.586787223815918 0.016418269848613113 -0.03942619791683813 0.10490312651328373 0.9935649711567117
1756812947.898853 -0.050849054008722305 -41.69783020019531 0.0 0.0 0.0 -0.3264716166883547 0.9452070067000305
1756812948.9068105 -0.5929214358329773 -22.146577835083008 4.905584335327148 0.006324625400175383 -0.015370039568284338 -0.12279748075842584 0.9922925638155686
1756812949.9786892 -1.1171135902404785 -40.87152099609375 0.0 0.0 0.0 -0.32476214601065073 0.9457957238577598
1756812950.9855943 -1.6358026266098022 -40.47268295288086 0.0 0.0 0.0 -0.3232567638144678 0.9463112969241888
1756812951.9895887 -2.1544129848480225 -40.076175689697266 0.0 0.0 0.0 -0.3221133637806157 0.9467011175608604
1756812953.1208162 -2.0095126628875732 -24.446243286132812 4.969539165496826 0.007380512463519711 -0.012136084336876624 -0.15097019538677325 0.9884362608075402
1756812954.696973 -0.8212736248970032 -0.04077327623963356 14.17274284362793 0.019250716782049405 -0.03055030480404301 0.12220145959426061 0.9918482192858337
1756812956.6037974 -4.538095951080322 -38.25641632080078 0.0 0.0 0.0 -0.36574666165665215 0.9307144487637216
1756812957.6326163 -4.957383632659912 -37.73958969116211 0.0 0.0 0.0 -0.4972560317820216 0.8676038550177368
1756812958.6632447 -5.23741340637207 -37.1350212097168 0.0 0.0 0.0 -0.584980403155385 0.8110474477039794
1756812959.835574 -5.366786956787109 -36.40147399902344 0.0 0.0 0.0 -0.7444608315716778 0.6676662719460037
1756812961.000424 -5.137527942657471 -35.68888473510742 0.0 -0.0 -0.0 -0.9097443332039625 0.4151689361812883
1756812962.266166 -4.409182548522949 -35.43058395385742 0.0 0.0 0.0 0.9927846658399283 0.11991079676311313
1756812963.3680816 -3.8716025352478027 -35.85161590576172 0.0 0.0 0.0 0.8626547127246331 0.5057936224309489
1756812964.397185 -3.581738233566284 -36.41743850708008 0.0 0.0 0.0 0.8522840774695656 0.5230793083226076
1756812965.4949343 -3.289243698120117 -37.067848205566406 0.0 0.0 0.0 0.8132190126139676 0.5819577676355131
1756812966.6550407 -3.0614023208618164 -37.78873062133789 0.0 0.0 0.0 0.8046418593096007 0.5937606409022851
1756812967.7348382 -2.861795425415039 -38.456485748291016 0.0 0.0 0.0 0.8013466887882514 0.5982003322185894
1756812968.7954738 -2.6681036949157715 -39.12150192260742 0.0 0.0 0.0 0.7994305118410576 0.6007585975136538
1756812969.8341875 -2.4870011806488037 -39.76720428466797 0.0 0.0 0.0 0.7956631371435561 0.605739459155066
1756812970.9326913 -2.303861618041992 -40.45735549926758 0.0 0.0 0.0 0.7905931704441973 0.6123417260559227
1756812971.994177 -2.103611707687378 -41.116912841796875 0.0 0.0 0.0 0.8282996460385348 0.5602854474627641
1756812973.0297868 -1.8395545482635498 -41.73478698730469 0.0 0.0 0.0 0.8374475842359179 0.5465176641047362
1756812975.3290021 -1.2432405948638916 -43.10016632080078 0.0 0.0 0.0 0.8366112054573618 0.547797215667952
1756812976.4336693 -0.9560769200325012 -43.758724212646484 0.0 0.0 0.0 0.8366616577477075 0.5477201198713756
1756812977.536495 -0.6638486385345459 -44.41231918334961 0.0 0.0 0.0 0.842529338836416 0.5386506317796422
1756812978.7087219 -0.3418864905834198 -45.09962463378906 0.0 0.0 0.0 0.8459939620999332 0.5331925052241998
1756812979.7773929 -0.054838381707668304 -45.72515106201172 0.0 0.0 0.0 0.8439990835907971 0.5363445037763598
1756812980.9053378 0.2547878921031952 -46.39247512817383 0.0 0.0 0.0 0.8382612679412287 0.5452687243185425
1756812981.99944 0.534152626991272 -47.043060302734375 0.0 0.0 0.0 0.8328964017115993 0.5534289413987991
1756812983.0947635 0.8082306385040283 -47.700191497802734 0.0 0.0 0.0 0.8306091114805971 0.5568561337547215
1756812984.1620746 1.067616581916809 -48.3409423828125 0.0 0.0 0.0 0.8280382259272676 0.5606715897643724
1756812985.2598767 1.3274335861206055 -49.00600814819336 0.0 0.0 0.0 0.8246899761044321 0.5655851002314243
1756812986.2942808 1.562475323677063 -49.63264083862305 0.0 0.0 0.0 0.8191254195581119 0.5736147240295835
1756812987.3245344 1.7820677757263184 -50.26033401489258 0.0 0.0 0.0 0.8126856143451041 0.5827025568046926
1756812988.3547668 1.9894574880599976 -50.891902923583984 0.0 0.0 0.0 0.8078428337101107 0.5893979946112714
1756812989.3886323 2.1914100646972656 -51.52822494506836 0.0 0.0 0.0 0.8135285898966045 0.5815250832780448
1756812990.4233189 2.4112048149108887 -52.16434097290039 0.0 0.0 0.0 0.8153826529818435 0.578922391967592
1756812991.488071 2.642744302749634 -52.812705993652344 0.0 0.0 0.0 0.8192355220445503 0.5734573818159073
1756812992.4971085 2.8689193725585938 -53.42219161987305 0.0 0.0 0.0 0.8209178967683836 0.5710462266010907
1756812993.571113 3.1115827560424805 -54.07208251953125 0.0 0.0 0.0 0.8224052435244602 0.5689020875748654
1756812994.648822 3.3648293018341064 -54.72671890258789 0.0 0.0 0.0 0.8253291018696756 0.564651982214828
1756812995.6541896 3.6073970794677734 -55.33213424682617 0.0 0.0 0.0 0.8252404051117199 0.564781647746585
1756812996.659924 3.799952507019043 -55.9792594909668 0.0 0.0 0.0 0.8292006891636674 0.5589512567952521
1756812997.7622862 4.285940647125244 -56.482364654541016 0.0 0.0 0.0 0.9790626260932088 0.20355944320694677
1756812998.831196 4.95719051361084 -56.591617584228516 0.0 -0.0 -0.0 -0.9970330092189366 0.07697554987706341
1756813000.2964566 5.6673126220703125 -56.04037094116211 0.0 0.0 0.0 -0.7842867455248169 0.6203985101755726
1756813001.3034685 5.573745250701904 -55.420528411865234 0.0 0.0 0.0 -0.445636573650453 0.8952139702017937
1756813002.530551 4.989780902862549 -54.92306137084961 0.0 0.0 0.0 -0.3357305092170443 0.9419580797082684
1756813003.7245154 4.411867618560791 -54.408451080322266 0.0 0.0 0.0 -0.37776803190179814 0.9259002705613707
1756813004.852186 3.8925669193267822 -53.889404296875 0.0 0.0 0.0 -0.3871864476323655 0.9220014420775268
1756813005.913576 3.3937935829162598 -53.41148376464844 0.0 0.0 0.0 -0.3314855524147628 0.9434602892746072
1756813006.9749403 2.8478405475616455 -53.043148040771484 0.0 0.0 0.0 -0.2753714339282512 0.9613379132680439
1756813008.1025548 2.2241172790527344 -52.661170959472656 0.0 0.0 0.0 -0.2669396641313083 0.9637132423159629
1756813009.1381247 1.6428821086883545 -52.321842193603516 0.0 0.0 0.0 -0.2529695379609473 0.96747425123939
1756813010.2346451 1.0156444311141968 -51.98424530029297 0.0 0.0 0.0 -0.23630038564864614 0.9716800555511238
1756813011.27103 0.4160875976085663 -51.68122482299805 0.0 0.0 0.0 -0.22695000070535565 0.9739064068475111
1756813012.3719046 -0.1999686360359192 -51.37599563598633 0.0 0.0 0.0 -0.23021927992389624 0.9731387737771856
1756813013.4189935 -0.7930872440338135 -51.02500534057617 0.0 0.0 0.0 -0.28962098340669773 0.9571414183441117
1756813014.617755 -1.4435780048370361 -50.585105895996094 0.0 0.0 0.0 -0.30925329481144265 0.9509797107756456
1756813015.6182804 -1.9678109884262085 -50.200626373291016 0.0 0.0 0.0 -0.3143388234041904 0.9493108634053091
1756813016.6194696 -2.4863226413726807 -49.80847930908203 0.0 0.0 0.0 -0.32201297733903167 0.9467352572014212
1756813017.656089 -3.0163118839263916 -49.39332962036133 0.0 0.0 0.0 -0.3286354576757853 0.9444568481674855
1756813018.8554485 -3.6236815452575684 -48.90704345703125 0.0 0.0 0.0 -0.3223411489726793 0.9466235629586757
1756813019.988176 -4.22617244720459 -48.485050201416016 0.0 0.0 0.0 -0.271771787132981 0.9623617302053684
1756813021.0209665 -4.805790901184082 -48.14957809448242 0.0 0.0 0.0 -0.2502433637878344 0.9681829669608149
1756813022.1870031 -5.440195083618164 -47.79702377319336 0.0 0.0 0.0 -0.2512114638626485 0.9679322328983951
1756813023.2197983 -6.024275302886963 -47.46562194824219 0.0 0.0 0.0 -0.2698168170173886 0.962911671375593
1756813024.4191897 -6.684638023376465 -47.05873107910156 0.0 0.0 0.0 -0.26463852211926103 0.9643476809416555
1756813025.4519796 -7.26367712020874 -46.72174072265625 0.0 0.0 0.0 -0.2605715850606921 0.9654545260071651
1756813026.6180298 -7.919632434844971 -46.348106384277344 0.0 0.0 0.0 -0.25899184103258377 0.9658795098502707
1756813027.8173761 -8.603021621704102 -45.97172546386719 0.0 0.0 0.0 -0.2425573827214729 0.9701370645801889
1756813028.9220564 -9.22201156616211 -45.637882232666016 0.0 0.0 0.0 -0.24475708623370837 0.9695844286797837
1756813030.024732 -9.856955528259277 -45.30508041381836 0.0 0.0 0.0 -0.24188504054460577 0.970304917875634
1756813031.0254831 -10.433782577514648 -45.00482177734375 0.0 0.0 0.0 -0.24102313701876435 0.9705193727526037
1756813032.0595615 -11.027889251708984 -44.6967887878418 0.0 0.0 0.0 -0.2390461021364715 0.9710082221326389
1756813033.1270063 -11.647320747375488 -44.379783630371094 0.0 0.0 0.0 -0.23826480110919265 0.971200228536436
1756813034.127722 -12.216143608093262 -44.05002975463867 0.0 0.0 0.0 -0.2915124611028822 0.95656703667498
1756813035.1951494 -12.737198829650879 -43.59429168701172 0.0 0.0 0.0 -0.4264828745492094 0.9044956458447165
1756813036.2292285 -13.064767837524414 -43.01053237915039 0.0 0.0 0.0 -0.5946824884060595 0.8039606385512236
1756813037.2633078 -13.142324447631836 -42.347618103027344 0.0 0.0 0.0 -0.7669915991432992 0.6416572070559812
1756813038.2640233 -12.920443534851074 -41.74407958984375 0.0 -0.0 -0.0 -0.9003486540770278 0.4351692399428876
1756813039.26474 -12.401089668273926 -41.40853500366211 0.0 -0.0 -0.0 -0.9976430475351681 0.06861745398558122
1756813040.2654574 -11.82015609741211 -41.548892974853516 0.0 0.0 0.0 0.9416771969726886 0.3365175733125264
1756813041.2995312 -11.423405647277832 -42.079952239990234 0.0 0.0 0.0 0.8758202182563346 0.4826375031828684
1756813042.4003215 -11.075688362121582 -42.692012786865234 0.0 0.0 0.0 0.8490715656867616 0.5282779472132746
1756813043.5011132 -10.786423683166504 -43.301544189453125 0.0 0.0 0.0 0.8423697548933455 0.5389001021196272
1756813044.5018415 -10.531413078308105 -43.859580993652344 0.0 0.0 0.0 0.8389866558219773 0.5441521023801615
1756813045.535915 -10.27255630493164 -44.45002746582031 0.0 0.0 0.0 0.8340583845758918 0.5516764082821638
1756813046.8035004 -9.954972267150879 -45.210418701171875 0.0 0.0 0.0 0.831081524089864 0.5561505218020529
1756813047.870943 -9.693338394165039 -45.852577209472656 0.0 0.0 0.0 0.832108260176269 0.5546132427531554
1756813049.0384529 -9.383495330810547 -46.514869689941406 0.0 0.0 0.0 0.8533116251960882 0.521401273699669
1756813050.1392434 -9.04561710357666 -47.14009094238281 0.0 0.0 0.0 0.8604537405530301 0.5095287956733164
1756813051.2733881 -8.6830415725708 -47.780643463134766 0.0 0.0 0.0 0.8644320145583281 0.5027498683009267
1756813052.307463 -8.347764015197754 -48.365509033203125 0.0 0.0 0.0 0.8606936941502621 0.5091232403135434
1756813053.341537 -8.037226676940918 -48.96163558959961 0.0 0.0 0.0 0.8500788036849986 0.5266557514693304
1756813054.3771622 -7.748708248138428 -49.57149887084961 0.0 0.0 0.0 0.8374069365344076 0.546580207934805
1756813055.4220426 -7.47936487197876 -50.194007873535156 0.0 0.0 0.0 0.8334138389592308 0.552649609431739
1756813056.8212786 -7.130345344543457 -51.03092575073242 0.0 0.0 0.0 0.8312972075802377 0.5558281574075
1756813057.887364 -6.856107711791992 -51.67032241821289 0.0 0.0 0.0 0.8461379348775917 0.5329642406978543
1756813058.9201407 -6.556836128234863 -52.27120590209961 0.0 0.0 0.0 0.8510774978278589 0.5250401799403145
1756813059.9529278 -6.249782085418701 -52.864418029785156 0.0 0.0 0.0 0.8528164594088538 0.5222106904702297
1756813061.01903 -5.9137444496154785 -53.467105865478516 0.0 0.0 0.0 0.8587286403449641 0.5124308748846367
1756813062.0518196 -5.589022636413574 -54.050655364990234 0.0 0.0 0.0 0.8592268730211854 0.5115946262457671
1756813063.0846121 -5.263874530792236 -54.63768768310547 0.0 0.0 0.0 0.8584536410004084 0.5128914013033801
1756813064.127686 -4.9371819496154785 -55.22922134399414 0.0 0.0 0.0 0.8569220060009105 0.5154462562317768
1756813065.261413 -4.585072994232178 -55.874267578125 0.0 0.0 0.0 0.8607947787272048 0.5089521091917034
1756813066.3384466 -4.241560935974121 -56.482177734375 0.0 0.0 0.0 0.8607671255668579 0.5089988934780302
1756813067.4023154 -3.90468692779541 -57.08203125 0.0 0.0 0.0 0.8591323948089502 0.5117536343630429
1756813068.9376154 -3.4229319095611572 -57.956504821777344 0.0 0.0 0.0 0.8576347700168033 0.5142594374744373
1756813070.0064127 -3.0900235176086426 -58.56374740600586 0.0 0.0 0.0 0.8571784450027302 0.5150196105038052
1756813071.1142545 -2.7467360496520996 -59.19670104980469 0.0 0.0 0.0 0.8564652328954219 0.516204623798234
1756813072.4827294 -2.3261964321136475 -59.98585891723633 0.0 0.0 0.0 0.8410225598503774 0.5409999803835712
1756813073.5448146 -2.0474393367767334 -60.623714447021484 0.0 0.0 0.0 0.8636545254025482 0.5040845333801269
1756813074.6733663 -1.515954852104187 -61.10055160522461 0.0 0.0 0.0 0.990858614839393 0.1349044525793489
1756813075.702339 -0.8737491369247437 -61.05034637451172 0.0 -0.0 -0.0 -0.9642340088661387 0.2650525744901755
1756813076.9021652 -0.4149583578109741 -60.45977020263672 0.0 0.0 0.0 -0.8175606397986878 0.5758427083769965
1756813077.9090524 -0.31398385763168335 -59.820884704589844 0.0 0.0 0.0 -0.6617516074010082 0.7497231449305101
1756813079.1094797 -0.6089989542961121 -59.11610412597656 0.0 0.0 0.0 -0.4373242285368869 0.8993039141377739
1756813080.1399155 -1.0906881093978882 -58.65626907348633 0.0 0.0 0.0 -0.2457402056837801 0.9693357327376669
1756813081.1776714 -1.7254269123077393 -58.43586730957031 0.0 0.0 0.0 -0.11520119313950541 0.9933421857623953
1756813082.2200897 -2.396820068359375 -58.288230895996094 0.0 0.0 0.0 -0.1441489433543233 0.9895559993114281
1756813083.2288375 -3.0087380409240723 -58.05331039428711 0.0 0.0 0.0 -0.21711400993800706 0.9761462583382525
1756813084.3605146 -3.663827657699585 -57.72774887084961 0.0 0.0 0.0 -0.23531217479573335 0.9719198418971257
1756813085.4238648 -4.274552822113037 -57.408935546875 0.0 0.0 0.0 -0.23897466557238664 0.9710258085708353
1756813086.4857264 -4.8756279945373535 -57.075965881347656 0.0 0.0 0.0 -0.2329645530303956 0.9724852323514075
1756813087.5182261 -5.480220794677734 -56.78390121459961 0.0 0.0 0.0 -0.21711239005184338 0.9761466094399884
1756813088.6139643 -6.126827239990234 -56.49114990234375 0.0 0.0 0.0 -0.20381882910603236 0.9790086246671675
1756813089.708288 -6.779632091522217 -56.210758209228516 0.0 0.0 0.0 -0.19909270128588635 0.9799806664223845
1756813090.7149704 -7.381423473358154 -55.97695541381836 0.0 0.0 0.0 -0.19003576482971027 0.9817771692181174
1756813091.8420253 -8.062691688537598 -55.71293258666992 0.0 0.0 0.0 -0.18612129140768496 0.9825267697829657
1756813092.9027436 -8.705150604248047 -55.44590377807617 0.0 0.0 0.0 -0.20520191937971355 0.9787196633812645
1756813094.0707252 -9.396977424621582 -55.133731842041016 0.0 0.0 0.0 -0.21468841153570767 0.9766825945442887
1756813095.2367206 -10.081656455993652 -54.81415939331055 0.0 0.0 0.0 -0.21885442662927224 0.975757526509419
1756813096.3322117 -10.71843433380127 -54.50830841064453 0.0 0.0 0.0 -0.22331177560991877 0.9747470613206866
1756813097.3654933 -11.320856094360352 -54.21138381958008 0.0 0.0 0.0 -0.2281012422389245 0.9736374192047565
1756813098.4024386 -11.920774459838867 -53.90779495239258 0.0 0.0 0.0 -0.2365008853718385 0.971631272226414
1756813099.5078812 -12.55018424987793 -53.537872314453125 0.0 0.0 0.0 -0.2665827414035139 0.96381204093703
1756813100.5092275 -13.136731147766113 -53.25619125366211 0.0 0.0 0.0 -0.19548101841661303 0.9807074814700218
1756813101.5847235 -13.7853422164917 -52.994842529296875 0.0 0.0 0.0 -0.18628108870294455 0.9824964976551637
1756813102.6861415 -14.450814247131348 -52.73593521118164 0.0 0.0 0.0 -0.17799023239871148 0.984032253358998
1756813103.7281947 -15.087489128112793 -52.50496292114258 0.0 0.0 0.0 -0.17646754365580594 0.9843064541641635
1756813104.8272564 -15.761248588562012 -52.267818450927734 0.0 0.0 0.0 -0.17142332678812394 0.9851974654141084
1756813105.890659 -16.402294158935547 -52.035552978515625 0.0 0.0 0.0 -0.18330629267327586 0.9830558505903251
1756813106.9411051 -17.04052734375 -51.794822692871094 0.0 0.0 0.0 -0.18366394305360884 0.9829890924888598
1756813107.9712083 -17.66692352294922 -51.5584716796875 0.0 0.0 0.0 -0.18158160428555048 0.9833758748410529
1756813109.001368 -18.29312515258789 -51.319313049316406 0.0 0.0 0.0 -0.19584019315520884 0.9806358225451959
1756813110.1645374 -18.986900329589844 -51.02082443237305 0.0 0.0 0.0 -0.2063498932891891 0.9784782691875806
1756813111.2280023 -19.61564826965332 -50.735328674316406 0.0 0.0 0.0 -0.216592857614323 0.976262023475644
1756813113.255252 -20.501123428344727 -49.847625732421875 0.0 0.0 0.0 -0.6183185031553166 0.7859276355708318
1756813114.3519683 -20.452608108520508 -49.18423843383789 0.0 -0.0 -0.0 -0.8857750933842492 0.4641147450559192
1756813115.4154208 -19.886077880859375 -48.8430290222168 0.0 -0.0 -0.0 -0.9998448966857754 0.017611370434757172
1756813116.415609 -19.277000427246094 -49.01934051513672 0.0 0.0 0.0 0.9691734926492327 0.2463793427225803
1756813117.4528532 -18.758813858032227 -49.450035095214844 0.0 0.0 0.0 0.9025737584900877 0.4305352285603946
1756813118.4870272 -18.3437442779541 -49.974517822265625 0.0 0.0 0.0 0.8979234634696822 0.4401516732178889
1756813119.527365 -17.93531036376953 -50.51406478881836 0.0 0.0 0.0 0.8906069301980651 0.45477387744099657
1756813120.5687053 -17.543182373046875 -51.06528091430664 0.0 0.0 0.0 0.8891134317890533 0.4576870031221408
1756813121.5994577 -17.158432006835938 -51.61557388305664 0.0 0.0 0.0 0.8853408257409651 0.4649425569009063
1756813122.6750684 -16.768753051757812 -52.19289779663086 0.0 0.0 0.0 0.8802765061803415 0.4744610307854452
1756813123.7143645 -16.40243148803711 -52.759002685546875 0.0 0.0 0.0 0.8766803274673719 0.48107341052145275
1756813124.7527046 -16.044565200805664 -53.32994842529297 0.0 0.0 0.0 0.8682270177407646 0.49616717353862977
1756813125.825205 -15.678081512451172 -53.93099594116211 0.0 0.0 0.0 0.884128096659353 0.46724460932214845
1756813126.8565686 -15.296741485595703 -54.477210998535156 0.0 0.0 0.0 0.8884991488433865 0.45887828562856176
1756813127.859868 -14.91295051574707 -54.999114990234375 0.0 0.0 0.0 0.8942255222318072 0.44761670660350233
1756813128.8599772 -14.517186164855957 -55.51656723022461 0.0 0.0 0.0 0.8967303767549771 0.44257727956158727
1756813129.9207342 -14.0936279296875 -56.05874252319336 0.0 0.0 0.0 0.8986066576064327 0.4387552221840959
1756813130.9814742 -13.661453247070312 -56.5936279296875 0.0 0.0 0.0 0.9002630180576572 0.43534646047401876
1756813132.0181587 -13.235753059387207 -57.112213134765625 0.0 0.0 0.0 0.9042280924861378 0.42704992482555065
1756813134.256671 -12.303299903869629 -58.237709045410156 0.0 0.0 0.0 0.8975181519843077 0.4409774900359584
1756813135.2938023 -11.980573654174805 -58.68398666381836 0.0 0.0 0.0 0.883412250256469 0.46859662994748846
1756813136.3597794 -11.604597091674805 -59.26669692993164 0.0 0.0 0.0 0.874552203444181 0.48493141329633277
1756813137.6174793 -11.18014144897461 -59.962955474853516 0.0 0.0 0.0 0.8695510066856325 0.4938431546789778
1756813138.6782959 -10.834480285644531 -60.55770492553711 0.0 0.0 0.0 0.8635173349206956 0.5043191327207147
1756813139.80927 -10.476602554321289 -61.20109558105469 0.0 0.0 0.0 0.8626564342273773 0.505790263871369
1756813140.9395897 -10.112483024597168 -61.83591079711914 0.0 0.0 0.0 0.8652566468425394 0.5013291454854681
1756813141.9396193 -9.784415245056152 -62.39037322998047 0.0 0.0 0.0 0.8768363484070545 0.4807889096375285
1756813143.0363817 -9.386534690856934 -62.983829498291016 0.0 0.0 0.0 0.8805073036614446 0.47403262017348674
1756813144.0367968 -9.021897315979004 -63.52262496948242 0.0 0.0 0.0 0.876397005393894 0.48158942453452286
1756813145.1357467 -8.614740371704102 -64.11063385009766 0.0 0.0 0.0 0.8974556243041852 0.4411047815140526
1756813146.2324781 -8.169501304626465 -64.66510772705078 0.0 0.0 0.0 0.903836621345037 0.4278777994498165
1756813147.2626362 -7.739771366119385 -65.18180084228516 0.0 0.0 0.0 0.9054441486535056 0.4244653930360867
1756813148.299736 -7.271371841430664 -65.6612319946289 0.0 0.0 0.0 0.9517113567610624 0.3069944529809862
1756813149.6180186 -6.485706329345703 -65.97549438476562 0.0 0.0 0.0 0.999234025374652 0.039133498163360904
1756813150.6849587 -5.816506385803223 -65.86090850830078 0.0 -0.0 -0.0 -0.9682442052260508 0.2500064303250582
1756813151.6930397 -5.3462958335876465 -65.4157485961914 0.0 0.0 0.0 -0.8542335366696334 0.5198896505571242
1756813152.7919629 -5.227488994598389 -64.89338684082031 0.0 0.0 0.0 -0.6832534652003709 0.7301812855766999
1756813153.8575926 -5.238777160644531 -64.77520751953125 0.0 0.0 0.0 -0.6497803013473322 0.7601221027918139
1756813154.9232397 -5.2874298095703125 -64.57994079589844 0.0 0.0 0.0 -0.5542867215027426 0.8323257892060762
1756813155.9889011 -5.3932390213012695 -64.38944244384766 0.0 0.0 0.0 -0.4386210943258271 0.8986721064220635
1756813157.0878608 -5.643977165222168 -64.1673355102539 0.0 0.0 0.0 -0.2387520861777834 0.9710805608171362
1756813158.1535285 -5.989975452423096 -64.04707336425781 0.0 0.0 0.0 -0.1032697592115678 0.9946533859304219
1756813159.3856866 -6.682836532592773 -63.93014144897461 0.0 0.0 0.0 -0.07764839708289233 0.9969808032053916
1756813160.517949 -7.40908670425415 -63.81993103027344 0.0 0.0 0.0 -0.07149562982228873 0.9974409081588279
1756813161.5503166 -8.072134971618652 -63.72541427612305 0.0 0.0 0.0 -0.06758569603817924 0.997713470012967
1756813162.6171448 -8.754188537597656 -63.64180374145508 0.0 0.0 0.0 -0.05134075252808099 0.9986811971777682
1756813163.6273565 -9.41091251373291 -63.559608459472656 0.0 0.0 0.0 -0.0715945065347341 0.9974338268616598
1756813164.7932866 -10.158537864685059 -63.44485092163086 0.0 0.0 0.0 -0.08253838656898975 0.9965878925216541
1756813165.7977831 -10.801036834716797 -63.334136962890625 0.0 0.0 0.0 -0.08865159375534429 0.9960626933922311
1756813166.832669 -11.454214096069336 -63.213172912597656 0.0 0.0 0.0 -0.08574210930705718 0.9963173708757459
1756813167.833543 -12.084182739257812 -63.11149215698242 0.0 0.0 0.0 -0.08386062721090648 0.9964774944646585
1756813168.9659796 -12.810028076171875 -62.985191345214844 0.0 0.0 0.0 -0.09145895477207222 0.995808848608083
1756813169.9985015 -13.466848373413086 -62.86073303222656 0.0 0.0 0.0 -0.09638961966377053 0.9953436776253058
1756813171.0976536 -14.165811538696289 -62.71986770629883 0.0 0.0 0.0 -0.10436391388044411 0.9945391772269665
1756813172.2634132 -14.882843017578125 -62.570369720458984 0.0 0.0 0.0 -0.10119255967261606 0.9948668609614051
1756813173.29595 -15.53654956817627 -62.42597579956055 0.0 0.0 0.0 -0.11507562891337383 0.9933567366600626
1756813174.3284817 -16.184524536132812 -62.264747619628906 0.0 0.0 0.0 -0.12341945400361214 0.9923545967029416
1756813175.79595 -17.102140426635742 -62.01716613769531 0.0 0.0 0.0 -0.1402429204243273 0.9901171281913661
1756813176.805445 -17.734636306762695 -61.827049255371094 0.0 0.0 0.0 -0.13576258655890744 0.9907413967836162
1756813177.8367019 -18.41126823425293 -61.693851470947266 0.0 0.0 0.0 -0.06865699838831478 0.9976403291129439
1756813178.905019 -19.07273292541504 -61.60393524169922 0.0 0.0 0.0 -0.05816072698372445 0.9983072258577051
1756813179.9194713 -19.727458953857422 -61.532196044921875 0.0 0.0 0.0 -0.05027245285940402 0.9987355373944377
1756813181.1214876 -20.50203514099121 -61.4670524597168 0.0 0.0 0.0 -0.026261949671286464 0.999655097848905
1756813182.3605719 -21.30449867248535 -61.4261360168457 0.0 0.0 0.0 -0.029039746687282684 0.9995782529063922
1756813183.391252 -21.972679138183594 -61.381343841552734 0.0 0.0 0.0 -0.03410329697065092 0.9994183130045298
1756813184.5299952 -22.707813262939453 -61.325950622558594 0.0 0.0 0.0 -0.03974494730764747 0.9992098517838184
1756813185.563209 -23.364389419555664 -61.258148193359375 0.0 0.0 0.0 -0.06200256437479511 0.9980759887032258
1756813186.567665 -24.012475967407227 -61.1729621887207 0.0 0.0 0.0 -0.0675202405517697 0.997717905790542
1756813187.665885 -24.717464447021484 -61.07212448120117 0.0 0.0 0.0 -0.07395435854618464 0.9972616342777744
1756813188.693488 -25.37064552307129 -60.9272346496582 0.0 0.0 0.0 -0.19444277706982435 0.9809138590919121
1756813189.787407 -25.97920799255371 -60.57075881958008 0.0 0.0 0.0 -0.32784652235819983 0.9447310054249498
1756813190.8482068 -26.484703063964844 -60.1136589050293 0.0 0.0 0.0 -0.38975053335500653 0.9209204759114836
1756813192.0764534 -26.871191024780273 -59.55422592163086 0.0 0.0 0.0 -0.6032276831094623 0.797569047456018
1756813193.143526 -26.84060287475586 -58.99615478515625 0.0 0.0 0.0 -0.8433982520540474 0.5372891766698894
1756813194.3052685 -26.481897354125977 -58.6159553527832 0.0 -0.0 -0.0 -0.9790608301522887 0.2035678526883503
1756813196.869789 -25.486173629760742 -58.97005081176758 0.0 0.0 0.0 0.8746606645627734 0.4847357035185381
1756813197.9073162 -25.087421417236328 -59.521095275878906 0.0 0.0 0.0 0.9173835025075746 0.39800443838371574
1756813198.9395797 -24.595951080322266 -59.967559814453125 0.0 0.0 0.0 0.9417092876297558 0.3364277160458432
1756813200.050239 -24.03297233581543 -60.41611862182617 0.0 0.0 0.0 0.9461297530010643 0.32378781347212676
1756813201.25355 -23.42451286315918 -60.913246154785156 0.0 0.0 0.0 0.938634694379447 0.3449129351345158
1756813202.321277 -22.90480613708496 -61.364410400390625 0.0 0.0 0.0 0.9352279788547329 0.35404619215954364
1756813203.395878 -22.387245178222656 -61.831417083740234 0.0 0.0 0.0 0.9322936450503934 0.361702252678575
1756813204.46791 -21.881711959838867 -62.30364990234375 0.0 0.0 0.0 0.9288800363395131 0.37038075713112667
1756813205.4719582 -21.419544219970703 -62.747772216796875 0.0 0.0 0.0 0.92647166200873 0.37636456692757936
1756813206.509935 -20.941267013549805 -63.22030258178711 0.0 0.0 0.0 0.9240441422611132 0.3822857996316966
1756813207.6066902 -20.496854782104492 -63.67079544067383 0.0 0.0 0.0 0.9216753209991397 0.38796206298487457
1756813208.7034888 -20.086912155151367 -64.09613037109375 0.0 0.0 0.0 0.9193764464719014 0.3933789828012442
1756813209.7338455 -19.655031204223633 -64.55342864990234 0.0 0.0 0.0 0.9174065674339026 0.39795122639073677
1756813210.7729623 -19.2374210357666 -65.00603485107422 0.0 0.0 0.0 0.9152717742247074 0.40283693112559604
1756813211.8395503 -18.775297164916992 -65.5195541381836 0.0 0.0 0.0 0.9133259014247255 0.4072294036906013
1756813212.934982 -18.309776306152344 -66.04560852050781 0.0 0.0 0.0 0.9112914704670321 0.41176187079495885
1756813213.941292 -17.883840560913086 -66.53759002685547 0.0 0.0 0.0 0.9093932526844226 0.41593739275672403
1756813214.9714942 -17.448776245117188 -67.04798889160156 0.0 0.0 0.0 0.9075409803254072 0.41996357263751927
1756813216.5710647 -16.8291015625 -67.79412078857422 0.0 0.0 0.0 0.9031516417695347 0.4293216457219575
1756813217.7329664 -16.37074089050293 -68.36978912353516 0.0 0.0 0.0 0.8974026566635503 0.44121254561997264
1756813218.795264 -15.982735633850098 -68.88031005859375 0.0 0.0 0.0 0.8954777270539219 0.445106342773349
1756813219.8289397 -15.59375286102295 -69.40109252929688 0.0 0.0 0.0 0.8932362807336263 0.44958760830272004
1756813220.8607943 -15.174742698669434 -69.93006134033203 0.0 0.0 0.0 0.9079076799143719 0.4191702054093169
1756813221.871454 -14.760706901550293 -70.43464660644531 0.0 0.0 0.0 0.9040865890505724 0.4273493258113016
1756813222.908124 -14.327308654785156 -70.94845581054688 0.0 0.0 0.0 0.9065856969548751 0.42202187553534526
1756813224.0147202 -13.88430404663086 -71.4677505493164 0.0 0.0 0.0 0.9061267374332257 0.42300627334322155
1756813225.0465407 -13.450732231140137 -71.97834014892578 0.0 0.0 0.0 0.9097387313962542 0.4151811893519944
1756813226.0827477 -12.997773170471191 -72.48078918457031 0.0 0.0 0.0 0.9137790272977475 0.40621171578264104
1756813227.1965377 -12.505647659301758 -73.00887298583984 0.0 0.0 0.0 0.9173414643755758 0.3981012651210018
1756813228.2273424 -12.026033401489258 -73.47563171386719 0.0 0.0 0.0 0.950781771582129 0.30986123181399
1756813229.2884126 -11.408773422241211 -73.77216339111328 0.0 0.0 0.0 0.9962514116763042 0.08650501077809172
1756813230.3238602 -10.748575210571289 -73.7292709350586 0.0 -0.0 -0.0 -0.9822517687615838 0.18756739350834128
1756813231.361646 -10.22154426574707 -73.32417297363281 0.0 0.0 0.0 -0.8537534757507905 0.5206774923507347
1756813232.390283 -10.133367538452148 -72.68148803710938 0.0 0.0 0.0 -0.6245135534334196 0.7810139680985847
1756813233.4314232 -10.41163444519043 -72.0972671508789 0.0 0.0 0.0 -0.4008584389188469 0.9161400131003117
1756813234.558069 -10.999134063720703 -71.68323516845703 0.0 0.0 0.0 -0.21378931634524065 0.9768798007468827
1756813235.6847436 -11.698251724243164 -71.45792388916016 0.0 0.0 0.0 -0.08169634925447616 0.9966572682204404
1756813236.7140565 -12.362767219543457 -71.3923110961914 0.0 0.0 0.0 -0.036287906159770754 0.9993413752994017
1756813237.7821302 -13.060022354125977 -71.30963134765625 0.0 0.0 0.0 -0.07923499501180413 0.99685596400056
1756813238.8805237 -13.761751174926758 -71.19230651855469 0.0 0.0 0.0 -0.0878632069532379 0.9961325544390848
1756813239.9781835 -14.460018157958984 -71.0565185546875 0.0 0.0 0.0 -0.10253134641746414 0.9947297724431031
1756813241.1762283 -15.228320121765137 -70.92264556884766 0.0 0.0 0.0 -0.04632615045545616 0.9989263612300044
1756813242.3759115 -16.005956649780273 -70.86802673339844 0.0 0.0 0.0 -0.027605263532927533 0.9996189046914562
1756813243.5132928 -16.74357032775879 -70.83374786376953 0.0 0.0 0.0 -0.019077653028075885 0.9998180104594043
1756813244.6110067 -17.45233917236328 -70.81209564208984 0.0 0.0 0.0 -0.01290499033165825 0.9999167288442061
1756813245.7086866 -18.164670944213867 -70.79981994628906 0.0 0.0 0.0 -0.0034625681781258687 0.9999940097152583
1756813247.1158347 -19.07623863220215 -70.80670166015625 0.0 0.0 0.0 0.015315985257780463 0.9998827060813116
1756813248.1873934 -19.796415328979492 -70.83969116210938 0.0 0.0 0.0 -0.024910095834556844 0.9996896947781175
1756813249.2231011 -20.474992752075195 -70.75564575195312 0.0 0.0 0.0 -0.08946531358303834 0.9959899399461896
1756813250.2239106 -21.112817764282227 -70.63363647460938 0.0 0.0 0.0 -0.09911569565608763 0.995075917534642
1756813251.3224623 -21.810443878173828 -70.50011444091797 0.0 0.0 0.0 -0.09634215129541819 0.9953482736719051
1756813252.5877185 -22.613418579101562 -70.33281707763672 0.0 0.0 0.0 -0.10885285928573835 0.994057867356568
1756813253.6241357 -23.25327491760254 -70.18962097167969 0.0 0.0 0.0 -0.10927755022911853 0.9940112766138557
1756813254.690243 -23.92747688293457 -70.03553771972656 0.0 0.0 0.0 -0.11645917353973234 0.9931954798047481
1756813255.7563558 -24.559629440307617 -69.90829467773438 0.0 0.0 0.0 -0.09678651397014226 0.9953051718018388
1756813256.7891467 -25.217287063598633 -69.77497863769531 0.0 0.0 0.0 -0.10269538698396269 0.9947128597553828
1756813257.8885672 -25.912805557250977 -69.62938690185547 0.0 0.0 0.0 -0.10769935956762484 0.9941835075677637
1756813259.087937 -26.646440505981445 -69.46328735351562 0.0 0.0 0.0 -0.10746097720327699 0.9942093021675924
1756813260.2206638 -27.20415496826172 -69.4052734375 0.0 0.0 0.0 0.021819378898665243 0.9997619256102207
1756813261.2867546 -27.839279174804688 -69.4499282836914 0.0 0.0 0.0 0.04209621228141876 0.9991135542600665
1756813262.9554954 -28.85154914855957 -69.54267120361328 0.0 0.0 0.0 0.048916785866072766 0.9988028542876565
1756813264.1268418 -29.6070613861084 -69.6241455078125 0.0 0.0 0.0 0.05588841265379491 0.9984370176406674
1756813265.1609182 -30.273035049438477 -69.70330047607422 0.0 0.0 0.0 0.060970267597177344 0.9981395879932291
1756813266.2617157 -30.944618225097656 -69.8031234741211 0.0 0.0 0.0 0.07092002104331914 0.9974820055808504
1756813267.26244 -31.588953018188477 -69.82178497314453 0.0 0.0 0.0 -0.07358753052843389 0.9972887687223964
1756813268.3632379 -32.25045394897461 -69.5691909790039 0.0 0.0 0.0 -0.30113592894796226 0.9535812161587769
1756813269.4677854 -32.7291374206543 -69.04519653320312 0.0 0.0 0.0 -0.5089513139747115 0.8607953038975183
1756813270.535283 -32.86458969116211 -68.46275329589844 0.0 0.0 0.0 -0.7517680516296038 0.6594277148395268
1756813271.7147703 -32.47614669799805 -67.8353271484375 0.0 -0.0 -0.0 -0.9626052464498136 0.2709079808251186
1756813272.780384 -31.82288932800293 -67.64326477050781 0.0 -0.0 -0.0 -0.997284898821964 0.07363980582795139
1756813273.8133307 -31.143043518066406 -67.64209747314453 0.0 0.0 0.0 0.9869955090031199 0.16074783061499515
1756813274.9154496 -30.608049392700195 -68.04082489013672 0.0 0.0 0.0 0.9237183390703277 0.383072388591917
1756813275.9501963 -30.135793685913086 -68.5153579711914 0.0 0.0 0.0 0.9243496154848736 0.38154665201288596
1756813276.991616 -29.613462448120117 -68.94892883300781 0.0 0.0 0.0 0.9555476308156413 0.2948369418507738
1756813278.0222554 -29.056196212768555 -69.3188247680664 0.0 0.0 0.0 0.9582749673788891 0.28584806240945626
1756813279.0861728 -28.484477996826172 -69.72554779052734 0.0 0.0 0.0 0.9425981186707757 0.3339294286466787
1756813280.2498941 -27.906099319458008 -70.21411895751953 0.0 0.0 0.0 0.937013690701905 0.34929265018718275
1756813281.347119 -27.36671257019043 -70.68010711669922 0.0 0.0 0.0 0.9475593662032755 0.3195798930863516
1756813282.4443235 -26.750654220581055 -71.04459381103516 0.0 0.0 0.0 0.97098148890882 0.23915467638989443
1756813283.9860656 -25.8790340423584 -71.54959106445312 0.0 0.0 0.0 0.9641293185679038 0.2654329384526091
1756813285.0492613 -25.282310485839844 -71.89554595947266 0.0 0.0 0.0 0.9641184068788465 0.2654725726650116
1756813286.0806928 -24.70290184020996 -72.2330322265625 0.0 0.0 0.0 0.9641026109855344 0.2655299362264208
1756813287.14622 -24.075389862060547 -72.55670928955078 0.0 0.0 0.0 0.9781134839339762 0.20807217187301325
1756813288.3146422 -23.383317947387695 -72.85858154296875 0.0 0.0 0.0 0.9803518096367811 0.19725711444911762
1756813289.41231 -22.71832847595215 -73.1214828491211 0.0 0.0 0.0 0.9857758741705336 0.168065434228711
1756813290.4187493 -22.098125457763672 -73.33216094970703 0.0 0.0 0.0 0.9868006112761318 0.16193996021457438
1756813291.4963422 -21.432933807373047 -73.54751586914062 0.0 0.0 0.0 0.9883655919208232 0.15209709313266725
1756813292.5089123 -20.799951553344727 -73.75421142578125 0.0 0.0 0.0 0.9824992276448328 0.18626666333764788
1756813293.51383 -20.25724220275879 -73.99775695800781 0.0 0.0 0.0 0.9759352233449745 0.21806076732825347
1756813294.5757744 -19.636760711669922 -74.29414367675781 0.0 0.0 0.0 0.974849816517603 0.22286294600974915
1756813295.670987 -19.023025512695312 -74.59300994873047 0.0 0.0 0.0 0.9757775776215986 0.21876514447767792
1756813296.7088366 -18.419260025024414 -74.88533020019531 0.0 0.0 0.0 0.9759940056714477 0.21779761045081977
1756813297.7408 -17.875442504882812 -75.14515686035156 0.0 0.0 0.0 0.9767816526558158 0.2142373534067897
1756813298.8015356 -17.335445404052734 -75.40202331542969 0.0 0.0 0.0 0.9791632239639687 0.2030747989527054
1756813299.8351812 -16.799062728881836 -75.64071655273438 0.0 0.0 0.0 0.9802724634178234 0.19765107010415442
1756813300.90924 -16.253435134887695 -75.87690734863281 0.0 0.0 0.0 0.9813452826239766 0.19225379721952354
1756813302.005045 -15.707115173339844 -76.1063003540039 0.0 0.0 0.0 0.9814402414067528 0.19176830480303458
1756813303.065859 -15.110672950744629 -76.35667419433594 0.0 0.0 0.0 0.9817072732252444 0.19039667762236234
1756813304.2594123 -14.42418384552002 -76.63512420654297 0.0 0.0 0.0 0.9822730981252297 0.18745568889989378
1756813305.353433 -13.75991439819336 -76.8484115600586 0.0 0.0 0.0 0.9956321694019569 0.09336292078054452
1756813306.917992 -12.77009391784668 -76.74713897705078 0.0 -0.0 -0.0 -0.9707224362331023 0.24020399107377638
1756813308.289114 -12.164898872375488 -76.1664047241211 0.0 0.0 0.0 -0.8534612313403307 0.5211565794806764
1756813309.395572 -12.001145362854004 -75.4961929321289 0.0 0.0 0.0 -0.7087152147992503 0.7054946810158893
1756813310.4356341 -12.104031562805176 -74.84007263183594 0.0 0.0 0.0 -0.5308365388935575 0.8474742324816623
1756813311.532309 -12.57943344116211 -74.32731628417969 0.0 0.0 0.0 -0.23623973567332948 0.971694808152216
1756813312.56573 -13.218379020690918 -74.1447982788086 0.0 0.0 0.0 0.017690293942585738 0.999843510661847
1756813313.60086 -13.852753639221191 -74.35671997070312 0.0 0.0 0.0 0.28389304288012684 0.9588559563886166
1756813314.6656516 -14.22847843170166 -74.7230453491211 0.0 0.0 0.0 0.4087858694540514 0.9126303449055446
1756813315.763667 -14.585190773010254 -75.08528137207031 0.0 0.0 0.0 0.3585967152566214 0.9334925832162617
1756813317.0351655 -15.260024070739746 -75.56640625 0.0 0.0 0.0 0.22866006997555433 0.9735063262169631
1756813318.101514 -15.847387313842773 -75.84529113769531 0.0 0.0 0.0 0.20779868534073814 0.9781716174147009
1756813319.1343253 -16.41156005859375 -76.08882141113281 0.0 0.0 0.0 0.20104334706534752 0.9795823516878644
1756813320.1671467 -17.027074813842773 -76.35771942138672 0.0 0.0 0.0 0.20409014148151608 0.9789520934894368
1756813321.1999545 -17.63753318786621 -76.62883758544922 0.0 0.0 0.0 0.21351687206946476 0.9769393804011156
1756813322.2327676 -18.20407485961914 -76.89466857910156 0.0 0.0 0.0 0.22151646909282727 0.9751566265920246
1756813323.265554 -18.753902435302734 -77.15951538085938 0.0 0.0 0.0 0.22598117405744192 0.9741316792383813
1756813324.7980704 -19.571861267089844 -77.56147766113281 0.0 0.0 0.0 0.23158062971791907 0.9728157188492168
1756813325.9125094 -20.147974014282227 -77.85243225097656 0.0 0.0 0.0 0.2348029057801566 0.9720430087868522
1756813326.9503713 -20.738723754882812 -78.15557098388672 0.0 0.0 0.0 0.23660528686968255 0.9716058597600795
1756813328.382914 -21.568161010742188 -78.56566619873047 0.0 0.0 0.0 0.22132940234242532 0.9751991062560379
1756813329.5156357 -22.225744247436523 -78.87480163574219 0.0 0.0 0.0 0.2141828387967309 0.9767935822788426
1756813330.6483598 -22.853355407714844 -79.17037200927734 0.0 0.0 0.0 0.217182604414981 0.976130992923277
1756813331.7477667 -23.469253540039062 -79.45690155029297 0.0 0.0 0.0 0.21547488541563403 0.9765093827106929
1756813332.8804872 -24.1357364654541 -79.76099395751953 0.0 0.0 0.0 0.21129804763111515 0.9774216801519157
1756813334.0234938 -24.771196365356445 -80.04460144042969 0.0 0.0 0.0 0.20739876503409982 0.9782564958414722
1756813335.1572106 -25.40632438659668 -80.32361602783203 0.0 0.0 0.0 0.2045514709787346 0.9788558124965335
1756813336.20059 -25.999696731567383 -80.57906341552734 0.0 0.0 0.0 0.20142430967093367 0.9795040841107516
1756813337.2316983 -26.616506576538086 -80.8401870727539 0.0 0.0 0.0 0.19805018916645864 0.9801918793911071
1756813338.295108 -27.253751754760742 -81.10397338867188 0.0 0.0 0.0 0.1944093018142103 0.9809204975804466
1756813339.5580118 -28.010372161865234 -81.41388702392578 0.0 0.0 0.0 0.19273853743583158 0.9812501476069054
1756813340.654703 -28.67215347290039 -81.67942810058594 0.0 0.0 0.0 0.1895468085244779 0.9818716916490517
1756813341.6878674 -29.291528701782227 -81.92755126953125 0.0 0.0 0.0 0.1813696249376711 0.9834149992835228
1756813342.689908 -29.8994197845459 -82.15540313720703 0.0 0.0 0.0 0.19144184626961921 0.9815039621925152
1756813343.7547011 -30.52321434020996 -82.40059661865234 0.0 0.0 0.0 0.23189477359641042 0.9727408743817297
1756813344.99438 -31.228914260864258 -82.81398010253906 0.0 0.0 0.0 0.2774673307616701 0.9607350671189865
1756813346.0621665 -31.410724639892578 -82.92923736572266 0.0 0.0 0.0 0.28018937335450217 0.9599447472139365
1756813347.1920483 -31.409076690673828 -82.92819213867188 0.0 0.0 0.0 0.28017135214232725 0.9599500094749299
1756813348.2332087 -31.408212661743164 -82.92764282226562 0.0 0.0 0.0 0.28016184841393893 0.9599527880612804
1756813349.965368 -31.40739631652832 -82.9271240234375 0.0 0.0 0.0 0.2801540465147883 0.9599550543883261
